k,t,h,Wc0,Wc1,Wc2,rawRad0,rawRad1,rawRad2,projRad0,projRad1,projRad2
1,0.0000000000000000e+00,0.0000000000000000e+00,0.0000000000000000e+00,0.0000000000000000e+00,0.0000000000000000e+00,0.0000000000000000e+00,0.0000000000000000e+00,0.0000000000000000e+00,0.0000000000000000e+00,0.0000000000000000e+00,0.0000000000000000e+00
2,3.7311979092219336e-10,3.7311979092219336e-10,5.5620081320686423e-04,1.0997574273116236e-02,2.1165832852321636e-02,8.2911535164335146e+02,3.2414962548470561e+05,1.2006666277386439e+06,8.2911535164335146e+02,3.2414962548470561e+05,1.2006666277386439e+06
3,2.2387187455331601e-09,1.8655989546109669e-09,3.3372049894659413e-03,6.5985447263561647e-02,1.2699499821477939e-01,4.9746926027883510e+03,1.9448978965851122e+06,7.2039999537743619e+06,4.9746926027883510e+03,1.9448978965851122e+06,7.2039999537743619e+06
4,1.1566713518587994e-08,9.3279947730548340e-09,1.7242228626377080e-02,3.4092485283731921e-01,6.5614085254831434e-01,2.5702591181702817e+04,1.0048642844000831e+07,3.7220671267517559e+07,2.5702591181702817e+04,1.0048642844000831e+07,3.7220671267517559e+07
5,5.8206687383862159e-08,4.6639973865274166e-08,8.6767415700972017e-02,1.7156228962356193e+00,3.3018708122487466e+00,1.2934239215411892e+05,5.0567457377940997e+07,1.8730414492574480e+08,1.2934239215411892e+05,5.0567457377940997e+07,1.8730414492574480e+08
6,2.9140655671023298e-07,2.3319986932637082e-07,4.3439507327997257e-01,8.5891385003766434e+00,1.6530537811788381e+01,6.4754909871847171e+05,2.5316377484613100e+08,9.3772444050660336e+08,6.4754909871847171e+05,2.5316377484613100e+08,9.3772444050660336e+08
7,1.4574059033420873e-06,1.1659993466318543e-06,2.1725764102422298e+00,4.2957351056864802e+01,8.2674302858735473e+01,3.2387751404996403e+06,1.2662014658108890e+09,4.6898991060265179e+09,3.2387751404996403e+06,1.2662014658108890e+09,4.6898991060265179e+09
8,1.6803470849398656e-06,2.2294118159777826e-07,2.5049279914524818e+00,4.9528735791308115e+01,9.5321191860100328e+01,3.7342587716295356e+06,1.4599067473308723e+09,5.4073355727927675e+09,3.7342587716295356e+06,1.4599067473308723e+09,5.4073355727927675e+09
9,1.9032882665376438e-06,2.2294118159777826e-07,2.8372821947592275e+00,5.6100159167600950e+01,1.0215535530928719e+02,4.2297541273821006e+06,1.6536154448910334e+09,5.7950327793969774e+09,4.2297541273821006e+06,1.6536154448910334e+09,2.3199123688755208e-07
10,2.1204235370617845e-06,2.1713527052414064e-07,3.1609836357513643e+00,6.2500484413167499e+01,1.0215535530928719e+02,4.7123568918927182e+06,1.8422827970700233e+09,5.7950444765152950e+09,4.7123568918927182e+06,1.8422827970700233e+09,-1.4709237348142779e-06
11,3.2060998896824875e-06,1.0856763526207030e-06,4.7795281411062485e+00,9.4502660264243630e+01,1.0215535530928706e+02,7.1255374912847085e+06,2.7856681404188805e+09,5.7951029642895632e+09,7.1255374912847085e+06,2.7856681404188805e+09,-2.6846487344300840e-07
12,4.1701998035794202e-06,9.6409991389693273e-07,6.2168765546466771e+00,1.0985982769045060e+02,1.0215535530928706e+02,9.2687177275603265e+06,3.2384357714930086e+09,5.7951549048889294e+09,9.2687177275603265e+06,4.8957190301734954e-07,6.4820926581887761e-07
13,5.1342997174763525e-06,9.6409991389693231e-07,7.6542739613921498e+00,1.0985982769045060e+02,1.0215535530928707e+02,1.1412116984792389e+07,3.2385179859163404e+09,5.7952068470939722e+09,1.1412116984792389e+07,-2.3560392037325073e-07,-3.8316488826239947e-07
14,9.9547992869610158e-06,4.8204995694846632e-06,1.4841995275270124e+01,1.0985982769015511e+02,1.0215535530914397e+02,2.2132395056971759e+07,3.2389283791728530e+09,5.7954665655226192e+09,2.2132395056971759e+07,-7.9491110227536410e-07,-1.6227274954871973e-06
15,2.5512122093403224e-05,1.5557322806442208e-05,3.8047438103968233e+01,1.0985982772447282e+02,1.0215535664774690e+02,5.6767398378542669e+07,3.2402445667780733e+09,5.7963045366685495e+09,5.6767398378542669e+07,8.3751729107461870e-08,-1.1458887456683442e-06
16,3.0219339051423249e-05,4.7072169580200250e-06,4.5071260971791368e+01,1.0985982772411161e+02,1.0215535415534067e+02,6.7258128405097514e+07,3.2406401789986877e+09,5.7965577459001036e+09,6.7258128405097514e+07,-3.1895342544885352e-07,-3.7077393244544510e-07
17,3.4926556009443277e-05,4.7072169580200284e-06,5.2096238905031719e+01,1.0985982772408222e+02,1.0215535395151970e+02,7.7754005221099034e+07,3.2410345246424079e+09,5.7968109625480671e+09,7.7754005221099034e+07,9.3174594439915381e-07,-6.1504766790676513e-07
18,4.2372484517029817e-05,7.4459285075865393e-06,6.3210780061282463e+01,1.0985982772401985e+02,1.0215535411132309e+02,9.4366974023231938e+07,3.2416556705455823e+09,5.7972112569553547e+09,9.4366974023231938e+07,-1.8405444279778749e-07,-5.0712105803540908e-07
19,4.8825749777119549e-05,6.4532652600897324e-06,7.2845897022992943e+01,1.0985982772401913e+02,1.0215535328067311e+02,1.0877550473668607e+08,3.2421913510112019e+09,5.7975578253085947e+09,1.0877550473668607e+08,4.0987242755363695e-07,-2.5015788196469657e-06
20,5.5279015037209281e-05,6.4532652600897324e-06,8.2483165485309172e+01,1.0985982772401904e+02,1.0215535102552933e+02,1.2319359548418707e+08,3.2427245246590395e+09,5.7979039968886633e+09,1.2319359548418707e+08,1.6788590073701926e-07,8.8762317318469286e-07
21,6.1487431862989871e-05,6.2084168257805892e-06,9.1756802848047883e+01,1.0985982772401900e+02,1.0215534442587179e+02,1.3707362296240586e+08,3.2432350718412938e+09,5.7982364616934633e+09,1.3707362296240586e+08,2.0422294255695306e-07,-6.4426785684190691e-08
22,6.4994809448690172e-05,3.5073775857003014e-06,9.6996718494105551e+01,1.0985982772401900e+02,1.0215534392718236e+02,1.4491887443216321e+08,3.2435224506489649e+09,5.7984243317967663e+09,1.4491887443216321e+08,-1.1534211807884276e-08,6.2563822211814113e-07
23,6.6293541428745381e-05,1.2987319800552091e-06,9.8937144626991326e+01,1.0985982772401900e+02,1.0215534392717036e+02,1.4782456842415017e+08,3.2436286695547647e+09,5.7984938766463842e+09,1.4782456842415017e+08,3.9084625313989818e-07,3.3663236820302700e-07
24,6.7592273408800590e-05,1.2987319800552091e-06,9.9985751217089856e+01,1.0985982772401900e+02,1.0215534392716754e+02,1.4939796592208621e+08,3.2437347836152892e+09,5.7985634060055761e+09,1.4939796592208621e+08,-5.2450923249125481e-07,2.9298234949237667e-08
25,6.8765868078346344e-05,1.1735946695457536e-06,1.0014558240191262e+02,1.0985982772401901e+02,1.0215534392716721e+02,1.4964279678277913e+08,3.2438305828678641e+09,5.7986262225949230e+09,2.1773161051896750e-08,-1.3317921911948361e-06,-1.4309194966699579e-06
26,7.0787873591904557e-05,2.0220055135582128e-06,1.0014558240191262e+02,1.0985982772401900e+02,1.0215534392716268e+02,1.4965314678970501e+08,3.2439954353137927e+09,5.7987344201906967e+09,1.9387869087950094e-08,1.1987076504738070e-06,6.0919830957573140e-07
27,8.0897901159695593e-05,1.0110027567791037e-05,1.0014558240191262e+02,1.0985982772401900e+02,1.0215534407127173e+02,1.4970473104474217e+08,3.2448158457245708e+09,5.7992748234952335e+09,-2.4363373540836619e-09,-3.2425805329694413e-07,1.0721585113060428e-06
28,8.7215296270096507e-05,6.3173951104009135e-06,1.0014558240191262e+02,1.0985982772401896e+02,1.0215534362252588e+02,1.4973682265087932e+08,3.2453252058468308e+09,5.7996119469433079e+09,-1.9527647054928821e-08,8.0516520029050298e-07,-1.2915443221572787e-06
29,9.3532691380497420e-05,6.3173951104009135e-06,1.0014558240191262e+02,1.0985982772401897e+02,1.0215534268413229e+02,1.4976880426974976e+08,3.2458320167997470e+09,5.7999486184458103e+09,-9.8970645012741443e-09,5.2083396440139040e-07,-8.6521549746976234e-07
30,1.0037539499045794e-04,6.8427036099605239e-06,1.0014558240191262e+02,1.0985982772401901e+02,1.0215534201068670e+02,1.4980332018878433e+08,3.2463780748749194e+09,5.8003128008447962e+09,-1.5611135495419148e-08,1.1764859664253891e-06,-9.7395968623459339e-07
31,1.0664020750786560e-04,6.2648125174076508e-06,1.0014558240191262e+02,1.0985982772401900e+02,1.0215533067806921e+02,1.4983480626376158e+08,3.2468753595434089e+09,5.8006451481892700e+09,-4.1772523218241986e-08,1.1183601600350812e-07,7.3542469181120396e-07
32,1.1198697680180639e-04,5.3467692939407915e-06,1.0014558240191262e+02,1.0985982772401897e+02,1.0215531717059304e+02,1.4986159101133901e+08,3.2472977527508183e+09,5.8009282329938316e+09,3.6203061881678877e-08,-3.6129040381638333e-07,-2.2415870262193494e-06
33,1.1713852640523202e-04,5.1515496034256283e-06,1.0014558240191263e+02,1.0985982772401897e+02,1.0215531395578331e+02,1.4988732129862893e+08,3.2477029564427533e+09,5.8012012031514807e+09,-4.0755026020633522e-09,-1.0490175554878078e-06,1.1435231499490328e-06
34,1.2300737246818583e-04,5.8688460629538193e-06,1.0014558240191262e+02,1.0985982772401898e+02,1.0215531286720881e+02,1.4991654232621914e+08,3.2481624582316046e+09,5.8015119241602802e+09,-1.4703687156725209e-09,2.1779487724415958e-07,4.4308990254648961e-07
35,1.2978171027286010e-04,6.7743378046742611e-06,1.0014558240191262e+02,1.0985982772401903e+02,1.0215531236413747e+02,1.4995014950553814e+08,3.2486900338473921e+09,5.8018700844161911e+09,2.0349887108750409e-08,7.9805340646998957e-07,-3.7027075450168923e-07
36,1.3649512772876001e-04,6.7134174558999143e-06,1.0014558240191262e+02,1.0985982772401901e+02,1.0215530920936466e+02,1.4998332455444899e+08,3.2492098695831280e+09,5.8022242747315674e+09,1.7656532236287603e-08,1.2262353266123682e-07,-4.0538543544244021e-07
37,1.4221439415776715e-04,5.7192664290071427e-06,1.0014558240191262e+02,1.0985982772401903e+02,1.0215528981008862e+02,1.5001148444763055e+08,3.2496503646725831e+09,5.8025246182605591e+09,1.1367092156433500e-08,-3.2420030038338155e-07,-1.9275539671070874e-06
38,1.4727285913961009e-04,5.0584649818429374e-06,1.0014558240191262e+02,1.0985982772401897e+02,1.0215528299356060e+02,1.5003631191751418e+08,3.2500381490021043e+09,5.8027904843214149e+09,-3.8801317714387551e-10,7.1217345976037905e-07,6.6974462242797017e-07
39,1.5267872860408560e-04,5.4058694644755077e-06,1.0014558240191263e+02,1.0985982772401901e+02,1.0215528145726553e+02,1.5006276242114416e+08,3.2504506759138441e+09,5.8030745384288330e+09,9.8368673207005486e-09,4.5609567678184249e-07,-1.6898266039788723e-06
40,1.5910285194635349e-04,6.4241233422678956e-06,1.0014558240191262e+02,1.0985982772401903e+02,1.0215528074510789e+02,1.5009408457875493e+08,3.2509383613806658e+09,5.8034116293330536e+09,-2.2438769065047381e-08,3.9855967770563439e-07,-2.5652548174548429e-06
41,1.6608129281673760e-04,6.9784408703841042e-06,1.0014558240191262e+02,1.0985982772401904e+02,1.0215528093845913e+02,1.5012797290525785e+08,3.2514649865939384e+09,5.8037771893840933e+09,1.4468128028966021e-08,-3.0947376217227429e-07,1.6248650354100391e-06
42,1.7232933093616634e-04,6.2480381194287410e-06,1.0014558240191262e+02,1.0985982772401906e+02,1.0215526646471041e+02,1.5015819329695970e+08,3.2519337095412855e+09,5.8041030592047577e+09,-2.7945077363256132e-08,5.4086694944999181e-07,-2.2443055058829486e-07
43,1.7754816391882478e-04,5.2188329826584388e-06,1.0014558240191261e+02,1.0985982772401906e+02,1.0215525155480265e+02,1.5018334780209699e+08,3.2523232026099348e+09,5.8043746811337729e+09,-3.9240603655343875e-08,4.4479475036496297e-07,-9.2283335106913000e-07
44,1.8260647046115943e-04,5.0583065423346523e-06,1.0014558240191261e+02,1.0985982772401906e+02,1.0215524874656674e+02,1.5020765210174483e+08,3.2526989574401598e+09,5.8046382101719646e+09,-1.2664429505093722e-08,-3.7065092328703031e-08,-1.2822192729800008e-07
45,1.8851321097947029e-04,5.9067405183108631e-06,1.0014558240191261e+02,1.0985982772401904e+02,1.0215524785735113e+02,1.5023593751249537e+08,3.2531355441630588e+09,5.8049455863528738e+09,-2.0630750441341661e-09,-3.5430639400146902e-07,1.4047213880985510e-06
46,1.9542913906034619e-04,6.9159280808759010e-06,1.0014558240191261e+02,1.0985982772401907e+02,1.0215524776019130e+02,1.5026892460498703e+08,3.2536437142799640e+09,5.8053048545060072e+09,1.4606598597310949e-08,-7.7588902058778331e-07,2.1339610611903481e-06
47,2.0000000000000001e-04,4.5708609396538159e-06,1.0014558240191262e+02,1.0985982772401907e+02,1.0215524623279894e+02,1.5029064867683330e+08,3.2539777887173557e+09,5.8055418216539459e+09,8.2412157098588068e-09,6.5694166551111266e-07,-7.6670062298944686e-07
